  -74.6706452216
   56.7689396129
   18.9135254915
    9.4982524658
    5.5095568701
    3.3898233369
    2.1843588583
    1.4829193016
    1.0671625696
    0.8145593975
    0.6559424357
    0.5521866281
    0.4810275488
    0.4296995180
    0.3908200831
    0.3600659199
    0.3348536778
    0.3135942311
    0.2952740994
    0.2792209733
    0.2649712156
    0.2521933991
    0.2406428084
    0.2301334053
    0.2205199780
    0.2116864629
    0.2035381422
    0.1959963355
    0.1889947206
    0.1824767284
    0.1763936502
    0.1707032248
    0.1653685553
    0.1603572573
    0.1556407759
    0.1511938292
    0.1469939496
    0.1430211006
    0.1392573563
    0.1356866300
    0.1322944442
    0.1290677341
    0.1259946794
    0.1230645594
    0.1202676283
    0.1175950064
