  -35.1393919661
   35.0475141506
   11.6493880351
    5.1556978120
    2.6942097336
    1.6349552091
    1.1312825244
    0.8661223786
    0.7109441332
    0.6105081180
    0.5395847570
    0.4859372663
    0.4432729837
    0.4081367546
    0.3784844430
    0.3530131861
    0.3308376669
    0.3113253990
    0.2940069176
    0.2785232030
    0.2645930168
    0.2519916806
    0.2405367962
    0.2300783344
    0.2204915477
    0.2116717605
    0.2035304445
    0.1959922029
    0.1889924162
    0.1824753803
    0.1763928193
    0.1707026869
    0.1653681926
    0.1603570055
    0.1556405981
    0.1511937034
    0.1469938615
    0.1430210408
    0.1392573182
    0.1356866086
    0.1322944360
    0.1290677361
    0.1259946894
    0.1230645756
    0.1202676491
    0.1175950306
