   -5.3749136765
   11.1031077684
    4.0868528760
    2.2181728641
    1.4797125257
    1.1150439535
    0.9030485047
    0.7639551353
    0.6645361283
    0.5891619988
    0.5296400334
    0.4812507399
    0.4410511556
    0.4070865237
    0.3779942500
    0.3527889839
    0.3307375012
    0.3112815046
    0.2939877392
    0.2785145456
    0.2645887426
    0.2519892378
    0.2405351579
    0.2300770931
    0.2204905385
    0.2116709113
    0.2035297187
    0.1959915786
    0.1889918777
    0.1824749153
    0.1763924172
    0.1707023384
    0.1653678896
    0.1603567408
    0.1556403653
    0.1511934971
    0.1469936771
    0.1430208745
    0.1392571667
    0.1356864696
    0.1322943075
    0.1290676167
    0.1259945779
    0.1230644711
    0.1202675511
    0.1175949387
