   -0.3724333214
   -0.3906020461
   -0.3903131992
   -0.3806960050
   -0.3665792926
   -0.3505523124
   -0.3340283233
   -0.3177851446
   -0.3022418034
   -0.2876058698
   -0.2739574446
   -0.2613005143
   -0.2495957210
   -0.2387813790
   -0.2287866100
   -0.2195391588
   -0.2109697164
   -0.2030140457
   -0.1956137891
   -0.1887165351
   -0.1822754977
   -0.1762490219
   -0.1706000362
   -0.1652955162
   -0.1603059906
   -0.1556051021
   -0.1511692236
   -0.1469771274
   -0.1430096996
   -0.1392496946
   -0.1356815223
   -0.1322910640
   -0.1290655111
   -0.1259932243
   -0.1230636095
   -0.1202670078
   -0.1175945992
