    0.1050695420
   -0.0577249281
   -0.1572841976
   -0.2165204213
   -0.2500215748
   -0.2671385977
   -0.2738910595
   -0.2741590204
   -0.2704411965
   -0.2643438225
   -0.2568976691
   -0.2487632300
   -0.2403627243
   -0.2319644898
   -0.2237367746
   -0.2157821067
   -0.2081594537
   -0.2008987329
   -0.1940104987
   -0.1874925399
   -0.1813344428
   -0.1755207717
   -0.1700332833
   -0.1648524489
   -0.1599584796
   -0.1553319916
   -0.1509544172
   -0.1468082365
   -0.1428770880
   -0.1391457987
   -0.1356003629
   -0.1322278898
   -0.1290165348
   -0.1259554234
   -0.1230345726
   -0.1202448147
   -0.1175777251
