    0.7195155741
    0.4079227568
    0.1948673210
    0.0492150901
   -0.0497477742
   -0.1162276775
   -0.1600835880
   -0.1881857708
   -0.2053312798
   -0.2148762968
   -0.2191745639
   -0.2198806215
   -0.2181592454
   -0.2148304410
   -0.2104704266
   -0.2054825250
   -0.2001473157
   -0.1946583158
   -0.1891474381
   -0.1837031544
   -0.1783834265
   -0.1732248815
   -0.1682492961
   -0.1634681664
   -0.1588859183
   -0.1545021613
   -0.1503132705
   -0.1463134983
   -0.1424957566
   -0.1388521680
   -0.1353744551
   -0.1320542131
   -0.1288831004
   -0.1258529696
   -0.1229559549
   -0.1201845281
   -0.1175315312
