    0.3364598232
    0.1144603999
   -0.0296738197
   -0.1221710706
   -0.1803398448
   -0.2156650755
   -0.2358037093
   -0.2458834694
   -0.2493498316
   -0.2485212931
   -0.2449569947
   -0.2397028658
   -0.2334578904
   -0.2266868770
   -0.2196969089
   -0.2126889920
   -0.2057927964
   -0.1990899509
   -0.1926296512
   -0.1864391465
   -0.1805308308
   -0.1749070850
   -0.1695636196
   -0.1644918079
   -0.1596803273
   -0.1551163165
   -0.1507861884
   -0.1466761935
   -0.1427728020
   -0.1390629530
   -0.1355342082
   -0.1321748361
   -0.1289738485
   -0.1259210039
   -0.1230067893
   -0.1202223879
   -0.1175596397
